Narrow Latest
RPM \ MAP	20	30	40	50	60	70	80	90	100
400	0.0	0.0	108.0	108.0	0.0	0.0	0.0	0.0	0.0	
800	0.0	108.0	0.0	110.0	122.0	0.0	0.0	0.0	0.0	
1200	111.0	117.0	109.0	0.0	124.0	0.0	0.0	0.0	0.0	
1600	120.0	112.0	118.0	110.0	110.0	123.0	0.0	0.0	0.0	
2000	116.0	111.0	115.0	116.0	113.0	122.0	0.0	0.0	0.0	
2400	115.0	109.0	115.0	112.0	116.0	119.0	0.0	0.0	0.0	
2800	0.0	0.0	0.0	112.0	119.0	0.0	0.0	0.0	0.0	
3200	0.0	0.0	0.0	0.0	0.0	0.0	0.0	0.0	0.0	
3600	0.0	0.0	0.0	0.0	0.0	0.0	0.0	0.0	0.0	
4000	0.0	0.0	0.0	0.0	0.0	0.0	0.0	0.0	0.0	
4400	0.0	0.0	0.0	0.0	0.0	0.0	0.0	0.0	0.0	
4800	0.0	0.0	0.0	0.0	0.0	0.0	0.0	0.0	0.0	
5200	0.0	0.0	0.0	0.0	0.0	0.0	0.0	0.0	0.0	
5600	0.0	0.0	0.0	0.0	0.0	0.0	0.0	0.0	0.0	
6000	0.0	0.0	0.0	0.0	0.0	0.0	0.0	0.0	0.0	
6400	0.0	0.0	0.0	0.0	0.0	0.0	0.0	0.0	0.0	

Narrow Avg
RPM \ MAP	20	30	40	50	60	70	80	90	100
400	0.0	0.0	109.2	108.0	0.0	0.0	0.0	0.0	0.0	
800	0.0	110.7	0.0	110.0	122.0	0.0	0.0	0.0	0.0	
1200	121.9	117.0	115.3	0.0	120.5	0.0	0.0	0.0	0.0	
1600	118.8	113.0	117.5	115.2	113.5	122.8	0.0	0.0	0.0	
2000	124.3	113.5	114.2	115.8	113.5	119.5	0.0	0.0	0.0	
2400	120.6	113.6	115.4	114.0	117.0	119.0	0.0	0.0	0.0	
2800	0.0	0.0	0.0	112.3	116.5	0.0	0.0	0.0	0.0	
3200	0.0	0.0	0.0	0.0	0.0	0.0	0.0	0.0	0.0	
3600	0.0	0.0	0.0	0.0	0.0	0.0	0.0	0.0	0.0	
4000	0.0	0.0	0.0	0.0	0.0	0.0	0.0	0.0	0.0	
4400	0.0	0.0	0.0	0.0	0.0	0.0	0.0	0.0	0.0	
4800	0.0	0.0	0.0	0.0	0.0	0.0	0.0	0.0	0.0	
5200	0.0	0.0	0.0	0.0	0.0	0.0	0.0	0.0	0.0	
5600	0.0	0.0	0.0	0.0	0.0	0.0	0.0	0.0	0.0	
6000	0.0	0.0	0.0	0.0	0.0	0.0	0.0	0.0	0.0	
6400	0.0	0.0	0.0	0.0	0.0	0.0	0.0	0.0	0.0	

Narrow # Sapmles
RPM \ MAP	20	30	40	50	60	70	80	90	100
400	0	0	5	1	0	0	0	0	0	
800	0	3	0	1	1	0	0	0	0	
1200	12	1	4	0	2	0	0	0	0	
1600	6	6	2	5	2	4	0	0	0	
2000	8	12	6	5	2	8	0	0	0	
2400	10	7	11	8	3	3	0	0	0	
2800	0	0	0	4	2	0	0	0	0	
3200	0	0	0	0	0	0	0	0	0	
3600	0	0	0	0	0	0	0	0	0	
4000	0	0	0	0	0	0	0	0	0	
4400	0	0	0	0	0	0	0	0	0	
4800	0	0	0	0	0	0	0	0	0	
5200	0	0	0	0	0	0	0	0	0	
5600	0	0	0	0	0	0	0	0	0	
6000	0	0	0	0	0	0	0	0	0	
6400	0	0	0	0	0	0	0	0	0	

Narrow Avg 10
RPM \ MAP	20	30	40	50	60	70	80	90	100
400	0.0	0.0	109.2	108.0	0.0	0.0	0.0	0.0	0.0	
800	0.0	110.7	0.0	110.0	122.0	0.0	0.0	0.0	0.0	
1200	123.1	117.0	115.3	0.0	120.5	0.0	0.0	0.0	0.0	
1600	118.8	113.0	117.5	115.2	113.5	122.8	0.0	0.0	0.0	
2000	124.3	114.6	114.2	115.8	113.5	119.5	0.0	0.0	0.0	
2400	120.6	113.6	114.2	114.0	117.0	119.0	0.0	0.0	0.0	
2800	0.0	0.0	0.0	112.3	116.5	0.0	0.0	0.0	0.0	
3200	0.0	0.0	0.0	0.0	0.0	0.0	0.0	0.0	0.0	
3600	0.0	0.0	0.0	0.0	0.0	0.0	0.0	0.0	0.0	
4000	0.0	0.0	0.0	0.0	0.0	0.0	0.0	0.0	0.0	
4400	0.0	0.0	0.0	0.0	0.0	0.0	0.0	0.0	0.0	
4800	0.0	0.0	0.0	0.0	0.0	0.0	0.0	0.0	0.0	
5200	0.0	0.0	0.0	0.0	0.0	0.0	0.0	0.0	0.0	
5600	0.0	0.0	0.0	0.0	0.0	0.0	0.0	0.0	0.0	
6000	0.0	0.0	0.0	0.0	0.0	0.0	0.0	0.0	0.0	
6400	0.0	0.0	0.0	0.0	0.0	0.0	0.0	0.0	0.0	

Narrow Std. Dev. 10
RPM \ MAP	20	30	40	50	60	70	80	90	100
400	0.0	0.0	2.4	0.0	0.0	0.0	0.0	0.0	0.0	
800	0.0	2.5	0.0	0.0	0.0	0.0	0.0	0.0	0.0	
1200	4.3	0.0	6.0	0.0	3.5	0.0	0.0	0.0	0.0	
1600	3.1	2.6	0.5	3.3	3.5	0.8	0.0	0.0	0.0	
2000	4.1	4.4	1.9	1.0	0.5	3.4	0.0	0.0	0.0	
2400	6.3	2.8	2.1	2.1	1.4	0.0	0.0	0.0	0.0	
2800	0.0	0.0	0.0	0.4	2.5	0.0	0.0	0.0	0.0	
3200	0.0	0.0	0.0	0.0	0.0	0.0	0.0	0.0	0.0	
3600	0.0	0.0	0.0	0.0	0.0	0.0	0.0	0.0	0.0	
4000	0.0	0.0	0.0	0.0	0.0	0.0	0.0	0.0	0.0	
4400	0.0	0.0	0.0	0.0	0.0	0.0	0.0	0.0	0.0	
4800	0.0	0.0	0.0	0.0	0.0	0.0	0.0	0.0	0.0	
5200	0.0	0.0	0.0	0.0	0.0	0.0	0.0	0.0	0.0	
5600	0.0	0.0	0.0	0.0	0.0	0.0	0.0	0.0	0.0	
6000	0.0	0.0	0.0	0.0	0.0	0.0	0.0	0.0	0.0	
6400	0.0	0.0	0.0	0.0	0.0	0.0	0.0	0.0	0.0	

Wide Latest
RPM \ MAP	20	30	40	50	60	70	80	90	100
400	0.0	0.0	108.0	108.0	0.0	109.0	0.0	0.0	0.0	
800	108.0	108.0	108.0	110.0	122.0	123.0	0.0	0.0	0.0	
1200	111.0	112.0	112.0	113.0	119.0	122.0	0.0	0.0	0.0	
1600	120.0	112.0	114.0	120.0	125.0	121.0	122.0	0.0	0.0	
2000	111.0	110.0	116.0	113.0	112.0	118.0	119.0	0.0	0.0	
2400	115.0	109.0	110.0	112.0	119.0	120.0	121.0	0.0	0.0	
2800	115.0	111.0	113.0	112.0	112.0	126.0	0.0	0.0	0.0	
3200	0.0	0.0	0.0	0.0	0.0	128.0	0.0	0.0	0.0	
3600	0.0	0.0	0.0	0.0	128.0	0.0	0.0	0.0	0.0	
4000	0.0	0.0	0.0	0.0	0.0	0.0	0.0	0.0	0.0	
4400	0.0	0.0	0.0	0.0	0.0	0.0	0.0	0.0	0.0	
4800	0.0	0.0	0.0	0.0	0.0	0.0	0.0	0.0	0.0	
5200	0.0	0.0	0.0	0.0	0.0	0.0	0.0	0.0	0.0	
5600	0.0	0.0	0.0	0.0	0.0	0.0	0.0	0.0	0.0	
6000	0.0	0.0	0.0	0.0	0.0	0.0	0.0	0.0	0.0	
6400	0.0	0.0	0.0	0.0	0.0	0.0	0.0	0.0	0.0	

Wide Avg
RPM \ MAP	20	30	40	50	60	70	80	90	100
400	0.0	0.0	113.5	112.2	0.0	109.0	0.0	0.0	0.0	
800	112.8	111.8	113.7	119.0	118.0	123.0	0.0	0.0	0.0	
1200	120.8	115.7	115.7	115.2	118.7	124.5	0.0	0.0	0.0	
1600	121.2	116.5	115.7	115.7	118.6	121.6	122.0	0.0	0.0	
2000	123.1	115.2	113.7	116.0	116.6	120.1	119.0	0.0	0.0	
2400	121.2	115.8	114.5	115.0	117.9	119.7	120.3	0.0	0.0	
2800	125.3	116.0	116.4	116.9	117.6	126.8	0.0	0.0	0.0	
3200	0.0	0.0	0.0	0.0	0.0	127.7	0.0	0.0	0.0	
3600	0.0	0.0	0.0	0.0	128.0	0.0	0.0	0.0	0.0	
4000	0.0	0.0	0.0	0.0	0.0	0.0	0.0	0.0	0.0	
4400	0.0	0.0	0.0	0.0	0.0	0.0	0.0	0.0	0.0	
4800	0.0	0.0	0.0	0.0	0.0	0.0	0.0	0.0	0.0	
5200	0.0	0.0	0.0	0.0	0.0	0.0	0.0	0.0	0.0	
5600	0.0	0.0	0.0	0.0	0.0	0.0	0.0	0.0	0.0	
6000	0.0	0.0	0.0	0.0	0.0	0.0	0.0	0.0	0.0	
6400	0.0	0.0	0.0	0.0	0.0	0.0	0.0	0.0	0.0	

Wide # Samples
RPM \ MAP	20	30	40	50	60	70	80	90	100
400	0	0	264	5	0	1	0	0	0	
800	5	10	48	2	3	1	0	0	0	
1200	34	9	15	9	10	2	0	0	0	
1600	78	32	24	27	22	17	1	0	0	
2000	58	49	40	17	29	37	1	0	0	
2400	82	45	55	40	27	19	3	0	0	
2800	15	4	7	12	13	4	0	0	0	
3200	0	0	0	0	0	3	0	0	0	
3600	0	0	0	0	1	0	0	0	0	
4000	0	0	0	0	0	0	0	0	0	
4400	0	0	0	0	0	0	0	0	0	
4800	0	0	0	0	0	0	0	0	0	
5200	0	0	0	0	0	0	0	0	0	
5600	0	0	0	0	0	0	0	0	0	
6000	0	0	0	0	0	0	0	0	0	
6400	0	0	0	0	0	0	0	0	0	

Wide Avg 10
RPM \ MAP	20	30	40	50	60	70	80	90	100
400	0.0	0.0	108.3	112.2	0.0	109.0	0.0	0.0	0.0	
800	112.8	111.8	108.2	119.0	118.0	123.0	0.0	0.0	0.0	
1200	116.0	115.7	115.3	115.2	118.7	124.5	0.0	0.0	0.0	
1600	120.0	115.5	114.2	114.3	116.9	121.3	122.0	0.0	0.0	
2000	116.1	112.7	114.2	115.6	118.0	121.6	119.0	0.0	0.0	
2400	115.0	115.8	113.9	113.4	115.9	118.6	120.3	0.0	0.0	
2800	126.7	116.0	116.4	115.1	116.2	126.8	0.0	0.0	0.0	
3200	0.0	0.0	0.0	0.0	0.0	127.7	0.0	0.0	0.0	
3600	0.0	0.0	0.0	0.0	128.0	0.0	0.0	0.0	0.0	
4000	0.0	0.0	0.0	0.0	0.0	0.0	0.0	0.0	0.0	
4400	0.0	0.0	0.0	0.0	0.0	0.0	0.0	0.0	0.0	
4800	0.0	0.0	0.0	0.0	0.0	0.0	0.0	0.0	0.0	
5200	0.0	0.0	0.0	0.0	0.0	0.0	0.0	0.0	0.0	
5600	0.0	0.0	0.0	0.0	0.0	0.0	0.0	0.0	0.0	
6000	0.0	0.0	0.0	0.0	0.0	0.0	0.0	0.0	0.0	
6400	0.0	0.0	0.0	0.0	0.0	0.0	0.0	0.0	0.0	

Wide Std. Dev. 10
RPM \ MAP	20	30	40	50	60	70	80	90	100
400	0.0	0.0	0.9	3.6	0.0	0.0	0.0	0.0	0.0	
800	6.0	4.8	0.6	9.0	5.7	0.0	0.0	0.0	0.0	
1200	4.8	2.2	4.3	3.1	4.3	2.5	0.0	0.0	0.0	
1600	0.0	3.7	3.2	3.9	5.1	2.6	0.0	0.0	0.0	
2000	2.8	1.7	1.8	1.2	3.1	1.5	0.0	0.0	0.0	
2400	0.0	3.5	1.6	2.2	2.8	0.9	0.9	0.0	0.0	
2800	3.9	5.5	2.0	4.0	3.8	0.4	0.0	0.0	0.0	
3200	0.0	0.0	0.0	0.0	0.0	0.5	0.0	0.0	0.0	
3600	0.0	0.0	0.0	0.0	0.0	0.0	0.0	0.0	0.0	
4000	0.0	0.0	0.0	0.0	0.0	0.0	0.0	0.0	0.0	
4400	0.0	0.0	0.0	0.0	0.0	0.0	0.0	0.0	0.0	
4800	0.0	0.0	0.0	0.0	0.0	0.0	0.0	0.0	0.0	
5200	0.0	0.0	0.0	0.0	0.0	0.0	0.0	0.0	0.0	
5600	0.0	0.0	0.0	0.0	0.0	0.0	0.0	0.0	0.0	
6000	0.0	0.0	0.0	0.0	0.0	0.0	0.0	0.0	0.0	
6400	0.0	0.0	0.0	0.0	0.0	0.0	0.0	0.0	0.0	

Narrow Correction 10
RPM \ MAP	20	30	40	50	60	70	80	90	100
400	1.000	1.000	0.853	0.844	1.000	1.000	1.000	1.000	1.000	
800	1.000	0.865	1.000	0.859	0.953	1.000	1.000	1.000	1.000	
1200	0.962	0.914	0.900	1.000	0.941	1.000	1.000	1.000	1.000	
1600	0.928	0.883	0.918	0.900	0.887	0.959	1.000	1.000	1.000	
2000	0.971	0.895	0.892	0.905	0.887	0.934	1.000	1.000	1.000	
2400	0.942	0.887	0.892	0.891	0.914	0.930	1.000	1.000	1.000	
2800	1.000	1.000	1.000	0.877	0.910	1.000	1.000	1.000	1.000	
3200	1.000	1.000	1.000	1.000	1.000	1.000	1.000	1.000	1.000	
3600	1.000	1.000	1.000	1.000	1.000	1.000	1.000	1.000	1.000	
4000	1.000	1.000	1.000	1.000	1.000	1.000	1.000	1.000	1.000	
4400	1.000	1.000	1.000	1.000	1.000	1.000	1.000	1.000	1.000	
4800	1.000	1.000	1.000	1.000	1.000	1.000	1.000	1.000	1.000	
5200	1.000	1.000	1.000	1.000	1.000	1.000	1.000	1.000	1.000	
5600	1.000	1.000	1.000	1.000	1.000	1.000	1.000	1.000	1.000	
6000	1.000	1.000	1.000	1.000	1.000	1.000	1.000	1.000	1.000	
6400	1.000	1.000	1.000	1.000	1.000	1.000	1.000	1.000	1.000	

Wide Correction 10
RPM \ MAP	20	30	40	50	60	70	80	90	100
400	1.000	1.000	0.846	0.877	1.000	0.852	1.000	1.000	1.000	
800	0.881	0.873	0.845	0.930	0.922	0.961	1.000	1.000	1.000	
1200	0.906	0.904	0.901	0.900	0.927	0.973	1.000	1.000	1.000	
1600	0.938	0.902	0.892	0.893	0.913	0.948	0.953	1.000	1.000	
2000	0.907	0.880	0.892	0.903	0.922	0.950	0.930	1.000	1.000	
2400	0.898	0.905	0.890	0.886	0.905	0.927	0.940	1.000	1.000	
2800	0.990	0.906	0.910	0.899	0.908	0.990	1.000	1.000	1.000	
3200	1.000	1.000	1.000	1.000	1.000	0.997	1.000	1.000	1.000	
3600	1.000	1.000	1.000	1.000	1.000	1.000	1.000	1.000	1.000	
4000	1.000	1.000	1.000	1.000	1.000	1.000	1.000	1.000	1.000	
4400	1.000	1.000	1.000	1.000	1.000	1.000	1.000	1.000	1.000	
4800	1.000	1.000	1.000	1.000	1.000	1.000	1.000	1.000	1.000	
5200	1.000	1.000	1.000	1.000	1.000	1.000	1.000	1.000	1.000	
5600	1.000	1.000	1.000	1.000	1.000	1.000	1.000	1.000	1.000	
6000	1.000	1.000	1.000	1.000	1.000	1.000	1.000	1.000	1.000	
6400	1.000	1.000	1.000	1.000	1.000	1.000	1.000	1.000	1.000	

